1	9	16	0.081	84.9	83.3	83.8	0.080	0.070	0.074
1	10	16	0.082	119.0	119.4	120.1	-0.073	-0.076	-0.076
1	11	16	0.082	72.0	73.1	73.6	0.132	0.129	0.131
1	11	15	0.081	82.3	82.8	83.8	0.081	0.081	0.078
1	14	15	0.081	82.2	82.6	82.8	0.085	0.086	0.081
1	14	16	0.081	92.4	91.7	92.2	0.037	0.033	0.033
1	12	16	0.081	84.8	85.6	84.9	0.073	0.070	0.068
1	13	16	0.081	98.4	98.0	97.8	0.010	0.008	0.012
1	15	16	0.081	90.1	89.8	90.7	0.043	0.044	0.043
1	7	8	0.081	96.0	95.4	96.5	0.015	0.010	0.012
1	3	8	0.081	84.7	87.1	89.5	0.047	0.051	0.045
1	3	7	0.081	94.0	94.0	91.2	0.033	0.040	0.031
1	6	7	0.082	95.0	95.2	95.8	0.015	0.018	0.017
1	6	8	0.082	94.7	93.9	93.1	0.030	0.027	0.029
1	1	8	0.082	91.4	92.8	93.2	0.027	0.035	0.031
1	2	8	0.082	105.0	110.0	106.9	-0.030	-0.018	-0.037
1	4	8	0.082	92.5	95.3	94.5	0.022	0.023	0.025
1	5	8	0.082	86.0	86.1	86.6	0.063	0.060	0.067
1	25	8	0.082	88.3	87.5	88.1	0.054	0.052	0.053
1	28	8	0.083	106.5	105.8	104.1	-0.200	-0.160	-0.120
1	23	24	0.086	102.2	104.1	103.8	-0.090	-0.011	-0.090
1	19	24	0.086	100.8	101.9	101.1	-0.030	0.000	0.000
1	19	23	0.087	90.0	89.0	89.1	0.051	0.043	0.046
1	22	23	0.087	92.4	91.7	91.8	0.039	0.037	0.034
1	22	24	0.087	97.4	97.2	96.8	0.014	0.015	0.090
1	17	24	0.087	93.6	93.5	93.8	0.018	0.020	0.023
1	18	24	0.087	97.2	97.4	96.9	0.023	0.080	0.010
1	20	24	0.087	95.0	93.7	94.2	0.019	0.026	0.023
1	21	24	0.087	97.1	96.8	96.9	0.013	0.018	0.014
1	26	24	0.087	100.0	100.2	100.1	-0.001	-0.006	0.001
1	27	24	0.087	96.5	96.0	95.7	0.013	0.015	0.018
3	7	8	0.078	100.0	99.8	99.7	-0.002	0.010	0.000
3	3	8	0.079	86.8	89.1	88.8	0.049	0.051	0.047
3	3	7	0.079	93.2	90.3	92.2	0.033	0.040	0.037
3	6	7	0.078	104.6	105.8	106.0	-0.025	-0.024	-0.020
3	6	8	0.078	105.1	103.3	104.5	-0.013	-0.015	-0.014
3	1	8	0.079	107.5	108.9	107.9	-0.033	-0.040	-0.034
3	2	8	0.080	117.0	116.5	119.6	-0.080	-0.085	-0.051
3	4	8	0.080	103.5	103.9	102.5	-0.080	-0.090	-0.012
3	5	8	0.080	99.8	100.3	100.0	-0.020	-0.070	0.020
3	25	8	0.080	96.0	95.8	95.0	0.019	0.017	0.016
3	28	8	0.080	133.0	135.1	134.4	-0.127	-0.128	-0.126
3	15	16	0.083	90.3	88.0	89.1	0.050	0.049	0.051
3	11	16	0.084	72.6	72.5	72.0	0.146	0.142	0.137
3	11	15	0.083	79.9	80.2	80.0	0.096	0.097	0.104
3	14	15	0.083	99.0	96.1	98.1	0.007	0.003	0.010
3	14	16	0.084	87.7	86.0	86.5	0.060	0.063	0.067
3	9	16	0.084	72.9	74.2	74.5	0.123	0.137	0.124
3	10	16	0.084	106.7	106.7	106.5	-0.024	-0.028	-0.027
3	12	16	0.084	81.8	79.8	81.2	0.093	0.095	0.097
3	13	16	0.085	91.3	92.0	91.8	0.036	0.038	0.030
3	23	24	0.086	90.0	93.7	95.1	0.013	0.015	0.019
3	19	24	0.086	79.9	81.5	82.9	0.100	0.096	0.083
3	19	23	0.086	86.4	87.2	86.0	0.062	0.058	0.061
3	22	23	0.086	95.1	97.2	97.5	0.016	0.010	0.011
3	22	24	0.086	94.3	93.2	94.9	0.028	0.025	0.026
3	17	24	0.086	95.0	94.8	94.5	0.014	0.015	0.021
3	18	24	0.086	93.3	92.1	91.2	0.028	0.027	0.029
3	20	24	0.086	97.3	96.8	97.0	0.015	0.007	0.012
3	21	24	0.086	105.0	104.0	103.9	-0.020	-0.018	-0.014
3	26	24	0.086	103.5	103.4	103.8	-0.013	-0.014	-0.018
3	27	24	0.086	93.0	99.6	98.9	0.000	0.002	0.000
10	7	8	0.076	91.0	89.4	92.1	0.037	0.047	0.039
10	3	8	0.076	76.2	74.2	78.3	0.097	0.099	0.100
10	3	7	0.075	93.1	93.7	95.6	0.020	0.027	0.030
10	6	7	0.076	127.1	125.9	127.0	-0.105	-0.104	-0.101
10	6	8	0.076	115.0	116.4	116.2	-0.062	-0.064	-0.065
10	2	8	0.077	80.7	79.0	78.5	0.091	0.082	0.077
10	1	8	0.077	88.0	88.1	88.5	0.052	0.055	0.051
10	4	8	0.077	93.5	95.2	94.5	0.025	0.026	0.024
10	5	8	0.077	89.3	89.9	89.0	0.046	0.044	0.041
10	25	8	0.077	85.7	84.4	84.3	0.069	0.071	0.068
10	28	8	0.077	140.9	140.3	143.0	-0.145	-0.146	-0.148
10	15	16	0.081	90.3	91.4	90.7	0.044	0.041	0.038
10	11	15	0.080	69.9	69.6	69.6	0.157	0.150	0.152
10	11	16	0.081	64.1	65.5	65.0	0.195	0.201	0.183
10	14	15	0.080	85.7	84.0	85.1	0.068	0.065	0.071
10	14	16	0.080	79.0	78.5	76.3	0.104	0.105	0.110
10	9	16	0.081	40.3	40.2	47.3	0.244	0.272	0.228
10	10	16	0.081	86.8	87.0	87.3	0.059	0.056	0.058
10	12	16	0.081	80.5	80.4	81.6	0.090	0.091	0.090
10	13	16	0.082	95.0	96.0	95.8	0.022	0.015	0.016
10	23	24	0.081	99.0	99.3	99.1	0.004	0.005	0.003
10	19	24	0.081	81.0	83.2	85.5	0.058	0.050	0.063
10	19	23	0.081	91.9	92.1	92.6	0.034	0.026	0.034
10	22	23	0.081	80.5	82.1	84.6	0.070	0.063	0.073
10	22	24	0.081	92.100	91.6	89.6	0.076	0.060	0.068
10	17	24	0.082	95.0	93.7	95.3	0.026	0.025	0.025
10	18	24	0.082	76.3	75.4	75.9	0.090	0.097	0.103
10	20	24	0.082	116.9	117.0	116.8	-0.065	-0.069	-0.070
11	21	24	0.077	107.7	100.5	100.7	0.000	0.000	0.002
11	26	24	0.077	75.6	76.3	75.9	0.114	0.124	0.117
11	27	24	0.077	78.5	79.3	78.5	0.108	0.102	0.103
